-20	9.66487e-43	2.51455e-32
-19.799	6.16022e-42	1.04707e-31
-19.598	4.23877e-41	4.29767e-31
-19.397	2.86736e-40	1.73873e-30
-19.196	1.90061e-39	6.93387e-30
-18.995	1.23443e-38	2.72559e-29
-18.794	7.8561e-38	1.05606e-28
-18.593	4.89904e-37	4.03326e-28
-18.392	2.99349e-36	1.51833e-27
-18.191	1.79229e-35	5.63406e-27
-17.9899	1.05147e-34	2.06071e-26
-17.7889	6.04436e-34	7.42943e-26
-17.5879	3.40457e-33	2.64019e-25
-17.3869	1.87903e-32	9.24823e-25
-17.1859	1.01616e-31	3.19318e-24
-16.9849	5.38455e-31	1.08675e-23
-16.7839	2.79572e-30	3.6457e-23
-16.5829	1.42231e-29	1.20551e-22
-16.3819	7.09009e-29	3.92922e-22
-16.1809	3.46309e-28	1.26236e-21
-15.9799	1.65742e-27	3.99762e-21
-15.7789	7.77237e-27	1.24785e-20
-15.5779	3.57133e-26	3.83942e-20
-15.3769	1.6079e-25	1.16442e-19
-15.1759	7.09321e-25	3.48096e-19
-14.9749	3.06605e-24	1.02572e-18
-14.7739	1.29858e-23	2.97921e-18
-14.5729	5.38907e-23	8.52934e-18
-14.3719	2.19135e-22	2.40698e-17
-14.1709	8.73096e-22	6.69532e-17
-13.9698	3.40854e-21	1.83575e-16
-13.7688	1.30385e-20	4.96131e-16
-13.5678	4.88702e-20	1.32167e-15
-13.3668	1.7948e-19	3.47048e-15
-13.1658	6.4587e-19	8.98256e-15
-12.9648	2.27737e-18	2.29167e-14
-12.7638	7.8683e-18	5.76299e-14
-12.5628	2.66373e-17	1.42852e-13
-12.3618	8.83615e-17	3.49031e-13
-12.1608	2.87211e-16	8.40594e-13
-11.9598	9.1476e-16	1.99549e-12
-11.7588	2.85485e-15	4.66935e-12
-11.5578	8.73039e-15	1.07697e-11
-11.3568	2.61614e-14	2.44847e-11
-11.1558	7.68189e-14	5.48692e-11
-10.9548	2.21035e-13	1.212e-10
-10.7538	6.2322e-13	2.63889e-10
-10.5528	1.72194e-12	5.66345e-10
-10.3518	4.66221e-12	1.19807e-09
-10.1508	1.23701e-11	2.4982e-09
-9.94975	3.21636e-11	5.13469e-09
-9.74874	8.1955e-11	1.04026e-08
-9.54774	2.04651e-10	2.07737e-08
-9.34673	5.00825e-10	4.0891e-08
-9.14573	1.20117e-09	7.93385e-08
-8.94472	2.8234e-09	1.51734e-07
-8.74372	6.5044e-09	2.86037e-07
-8.54271	1.46864e-08	5.31502e-07
-8.34171	3.25022e-08	9.73485e-07
-8.1407	7.05034e-08	1.7575e-06
-7.9397	1.49907e-07	3.12756e-06
-7.73869	3.12436e-07	5.48602e-06
-7.53769	6.38329e-07	9.4853e-06
-7.33668	1.27847e-06	1.61654e-05
-7.13568	2.51024e-06	2.7156e-05
-6.93467	4.83212e-06	4.49662e-05
-6.73367	9.11964e-06	7.33921e-05
-6.53266	1.68755e-05	0.000118074
-6.33166	3.06194e-05	0.000187241
-6.13065	5.44778e-05	0.000292679
-5.92965	9.50499e-05	0.000450945
-5.72864	0.000162636	0.000684854
-5.52764	0.000272924	0.00102521
-5.32663	0.000449214	0.00151277
-5.12563	0.000725237	0.00220026
-4.92462	0.00114855	0.0031544
-4.72362	0.00178442	0.00445762
-4.52261	0.00271986	0.00620913
-4.32161	0.00406754	0.00852513
-4.1206	0.00596877	0.0115375
-3.9196	0.00859482	0.015391
-3.71859	0.0121456	0.0202379
-3.51759	0.0168448	0.0262304
-3.31658	0.0229302	0.0335109
-3.11558	0.0306391	0.0421997
-2.91457	0.0401886	0.0523812
-2.71357	0.0517509	0.064089
-2.51256	0.065426	0.0772919
-2.31156	0.0812137	0.0918813
-2.11055	0.0989876	0.107662
-1.90955	0.118476	0.124348
-1.70854	0.139253	0.141566
-1.50754	0.160739	0.158862
-1.30653	0.182223	0.175721
-1.10553	0.202894	0.191589
-0.904523	0.221887	0.205902
-0.703518	0.238345	0.218118
-0.502513	0.25148	0.227753
-0.301508	0.260633	0.234412
-0.100503	0.265333	0.237814
0.100503	0.265333	0.237814
0.301508	0.260633	0.234412
0.502513	0.25148	0.227753
0.703518	0.238345	0.218118
0.904523	0.221887	0.205902
1.10553	0.202894	0.191589
1.30653	0.182223	0.175721
1.50754	0.160739	0.158862
1.70854	0.139253	0.141566
1.90955	0.118476	0.124348
2.11055	0.0989876	0.107662
2.31156	0.0812137	0.0918813
2.51256	0.065426	0.0772919
2.71357	0.0517509	0.064089
2.91457	0.0401886	0.0523812
3.11558	0.0306391	0.0421997
3.31658	0.0229302	0.0335109
3.51759	0.0168448	0.0262304
3.71859	0.0121456	0.0202379
3.9196	0.00859482	0.015391
4.1206	0.00596877	0.0115375
4.32161	0.00406754	0.00852513
4.52261	0.00271986	0.00620913
4.72362	0.00178442	0.00445762
4.92462	0.00114855	0.0031544
5.12563	0.000725237	0.00220026
5.32663	0.000449214	0.00151277
5.52764	0.000272924	0.00102521
5.72864	0.000162636	0.000684854
5.92965	9.50499e-05	0.000450945
6.13065	5.44778e-05	0.000292679
6.33166	3.06194e-05	0.000187241
6.53266	1.68755e-05	0.000118074
6.73367	9.11964e-06	7.33921e-05
6.93467	4.83212e-06	4.49662e-05
7.13568	2.51024e-06	2.7156e-05
7.33668	1.27847e-06	1.61654e-05
7.53769	6.38329e-07	9.4853e-06
7.73869	3.12436e-07	5.48602e-06
7.9397	1.49907e-07	3.12756e-06
8.1407	7.05034e-08	1.7575e-06
8.34171	3.25022e-08	9.73485e-07
8.54271	1.46864e-08	5.31502e-07
8.74372	6.5044e-09	2.86037e-07
8.94472	2.8234e-09	1.51734e-07
9.14573	1.20117e-09	7.93385e-08
9.34673	5.00825e-10	4.0891e-08
9.54774	2.04651e-10	2.07737e-08
9.74874	8.1955e-11	1.04026e-08
9.94975	3.21636e-11	5.13469e-09
10.1508	1.23701e-11	2.4982e-09
10.3518	4.66221e-12	1.19807e-09
10.5528	1.72194e-12	5.66345e-10
10.7538	6.2322e-13	2.63889e-10
10.9548	2.21035e-13	1.212e-10
11.1558	7.68189e-14	5.48692e-11
11.3568	2.61614e-14	2.44847e-11
11.5578	8.73039e-15	1.07697e-11
11.7588	2.85485e-15	4.66935e-12
11.9598	9.1476e-16	1.99549e-12
12.1608	2.87211e-16	8.40594e-13
12.3618	8.83615e-17	3.49031e-13
12.5628	2.66373e-17	1.42852e-13
12.7638	7.8683e-18	5.76299e-14
12.9648	2.27737e-18	2.29167e-14
13.1658	6.4587e-19	8.98256e-15
13.3668	1.7948e-19	3.47048e-15
13.5678	4.88702e-20	1.32167e-15
13.7688	1.30385e-20	4.96131e-16
13.9698	3.40854e-21	1.83575e-16
14.1709	8.73096e-22	6.69532e-17
14.3719	2.19135e-22	2.40698e-17
14.5729	5.38907e-23	8.52934e-18
14.7739	1.29858e-23	2.97921e-18
14.9749	3.06605e-24	1.02572e-18
15.1759	7.09321e-25	3.48096e-19
15.3769	1.6079e-25	1.16442e-19
15.5779	3.57133e-26	3.83942e-20
15.7789	7.77237e-27	1.24785e-20
15.9799	1.65742e-27	3.99762e-21
16.1809	3.46309e-28	1.26236e-21
16.3819	7.09009e-29	3.92922e-22
16.5829	1.42231e-29	1.20551e-22
16.7839	2.79572e-30	3.6457e-23
16.9849	5.38455e-31	1.08675e-23
17.1859	1.01616e-31	3.19318e-24
17.3869	1.87903e-32	9.24823e-25
17.5879	3.40457e-33	2.64019e-25
17.7889	6.04436e-34	7.42943e-26
17.9899	1.05147e-34	2.06071e-26
18.191	1.79229e-35	5.63406e-27
18.392	2.99349e-36	1.51833e-27
18.593	4.89904e-37	4.03326e-28
18.794	7.8561e-38	1.05606e-28
18.995	1.23443e-38	2.72559e-29
19.196	1.90061e-39	6.93387e-30
19.397	2.86736e-40	1.73873e-30
19.598	4.23877e-41	4.29767e-31
19.799	6.13684e-42	1.04707e-31
20	8.55947e-43	2.51455e-32
