-20	8.80361e-28	2.81143e-10
-19.799	3.38347e-27	4.18741e-10
-19.598	1.45648e-26	6.21177e-10
-19.397	6.17748e-26	9.17779e-10
-19.196	2.56392e-25	1.35056e-09
-18.995	1.04098e-24	1.97943e-09
-18.794	4.13443e-24	2.88948e-09
-18.593	1.60633e-23	4.20099e-09
-18.392	6.10522e-23	6.08326e-09
-18.191	2.27001e-22	8.7735e-09
-17.9899	8.25705e-22	1.26026e-08
-17.7889	2.93836e-21	1.80303e-08
-17.5879	1.02302e-20	2.56919e-08
-17.3869	3.48484e-20	3.64622e-08
-17.1859	1.1615e-19	5.15396e-08
-16.9849	3.78812e-19	7.25591e-08
-16.7839	1.20899e-18	1.01741e-07
-16.5829	3.77611e-18	1.42086e-07
-16.3819	1.15433e-17	1.97632e-07
-16.1809	3.45396e-17	2.7379e-07
-15.9799	1.01169e-16	3.77772e-07
-15.7789	2.90119e-16	5.19153e-07
-15.5779	8.14612e-16	7.10579e-07
-15.3769	2.23991e-15	9.68683e-07
-15.1759	6.03222e-15	1.31523e-06
-14.9749	1.59133e-14	1.7786e-06
-14.7739	4.1129e-14	2.39554e-06
-14.5729	1.04165e-13	3.21353e-06
-14.3719	2.58559e-13	4.29352e-06
-14.1709	6.29147e-13	5.71344e-06
-13.9698	1.50102e-12	7.5724e-06
-13.7688	3.51207e-12	9.99589e-06
-13.5678	8.06083e-12	1.3142e-05
-13.3668	1.81526e-11	1.7209e-05
-13.1658	4.01191e-11	2.2444e-05
-12.9648	8.70412e-11	2.9154e-05
-12.7638	1.85428e-10	3.77179e-05
-12.5628	3.87988e-10	4.86015e-05
-12.3618	7.97576e-10	6.23741e-05
-12.1608	1.61123e-09	7.97281e-05
-11.9598	3.19959e-09	0.000101501
-11.7588	6.24749e-09	0.000128701
-11.5578	1.19981e-08	0.000162535
-11.3568	2.26693e-08	0.000204439
-11.1558	4.21503e-08	0.000256113
-10.9548	7.71479e-08	0.00031956
-10.7538	1.39035e-07	0.000397124
-10.5528	2.46787e-07	0.000491532
-10.3518	4.3155e-07	0.00060594
-10.1508	7.43641e-07	0.000743978
-9.94975	1.26309e-06	0.000909794
-9.74874	2.11517e-06	0.0011081
-9.54774	3.49313e-06	0.0013442
-9.34673	5.69022e-06	0.00162407
-9.14573	9.14545e-06	0.00195433
-8.94472	1.45053e-05	0.0023423
-8.74372	2.27091e-05	0.00279601
-8.54271	3.50992e-05	0.00332421
-8.34171	5.35739e-05	0.00393631
-8.1407	8.07518e-05	0.00464241
-7.9397	0.000120272	0.00545317
-7.73869	0.000176913	0.00637981
-7.53769	0.000257324	0.00743394
-7.33668	0.000369623	0.00862744
-7.13568	0.000525375	0.00997235
-6.93467	0.000737491	0.0114806
-6.73367	0.00102487	0.0131639
-6.53266	0.00140699	0.0150334
-6.33166	0.00191254	0.0170995
-6.13065	0.00256915	0.0193714
-5.92965	0.00341873	0.021857
-5.72864	0.00449348	0.0245625
-5.52764	0.00586093	0.027492
-5.32663	0.00753414	0.0306474
-5.12563	0.00964393	0.0340277
-4.92462	0.0121251	0.0376291
-4.72362	0.0152342	0.0414446
-4.52261	0.0187573	0.0454636
-4.32161	0.0231078	0.049672
-4.1206	0.0279183	0.0540521
-3.9196	0.0336832	0.0585822
-3.71859	0.0399889	0.063237
-3.51759	0.0472361	0.0679875
-3.31658	0.0551258	0.0728013
-3.11558	0.0637828	0.0776429
-2.91457	0.0731652	0.0824739
-2.71357	0.0829646	0.0872537
-2.51256	0.0935411	0.0919397
-2.31156	0.103993	0.0964884
-2.11055	0.115239	0.100855
-1.90955	0.125665	0.104997
-1.70854	0.136833	0.108869
-1.50754	0.146448	0.112431
-1.30653	0.156625	0.115643
-1.10553	0.164648	0.118469
-0.904523	0.17283	0.120877
-0.703518	0.178652	0.122838
-0.502513	0.183839	0.12433
-0.301508	0.187123	0.125335
-0.100503	0.188542	0.12584
0.100503	0.189132	0.12584
0.301508	0.186569	0.125335
0.502513	0.184324	0.12433
0.703518	0.178259	0.122838
0.904523	0.173116	0.120877
1.10553	0.164471	0.118469
1.30653	0.156705	0.115643
1.50754	0.146445	0.112431
1.70854	0.136787	0.108869
1.90955	0.125733	0.104997
2.11055	0.115175	0.100855
2.31156	0.104037	0.0964884
2.51256	0.093525	0.0919397
2.71357	0.0829537	0.0872537
2.91457	0.0731979	0.0824739
3.11558	0.0637346	0.0776429
3.31658	0.0551849	0.0728013
3.51759	0.0471683	0.0679875
3.71859	0.0400645	0.063237
3.9196	0.0336013	0.0585822
4.1206	0.0280031	0.0540521
4.32161	0.0230251	0.049672
4.52261	0.0188321	0.0454636
4.72362	0.0151716	0.0414446
4.92462	0.0121735	0.0376291
5.12563	0.00960959	0.0340277
5.32663	0.00755665	0.0306474
5.52764	0.00584728	0.027492
5.72864	0.00450118	0.0245625
5.92965	0.00341468	0.021857
6.13065	0.00257116	0.0193714
6.33166	0.0019116	0.0170995
6.53266	0.00140741	0.0150334
6.73367	0.00102469	0.0131639
6.93467	0.000737565	0.0114806
7.13568	0.000525349	0.00997235
7.33668	0.000369631	0.00862744
7.53769	0.000257323	0.00743394
7.73869	0.000176911	0.00637981
7.9397	0.000120275	0.00545317
8.1407	8.07497e-05	0.00464241
8.34171	5.35754e-05	0.00393631
8.54271	3.50983e-05	0.00332421
8.74372	2.27097e-05	0.00279601
8.94472	1.4505e-05	0.0023423
9.14573	9.1456e-06	0.00195433
9.34673	5.69016e-06	0.00162407
9.54774	3.49316e-06	0.0013442
9.74874	2.11516e-06	0.0011081
9.94975	1.2631e-06	0.000909794
10.1508	7.4364e-07	0.000743978
10.3518	4.31551e-07	0.00060594
10.5528	2.46787e-07	0.000491532
10.7538	1.39035e-07	0.000397124
10.9548	7.71479e-08	0.00031956
11.1558	4.21502e-08	0.000256113
11.3568	2.26693e-08	0.000204439
11.5578	1.19981e-08	0.000162535
11.7588	6.2475e-09	0.000128701
11.9598	3.19959e-09	0.000101501
12.1608	1.61123e-09	7.97281e-05
12.3618	7.97576e-10	6.23741e-05
12.5628	3.87988e-10	4.86015e-05
12.7638	1.85428e-10	3.77179e-05
12.9648	8.70412e-11	2.9154e-05
13.1658	4.01191e-11	2.2444e-05
13.3668	1.81526e-11	1.7209e-05
13.5678	8.06083e-12	1.3142e-05
13.7688	3.51207e-12	9.99589e-06
13.9698	1.50102e-12	7.5724e-06
14.1709	6.29147e-13	5.71344e-06
14.3719	2.58559e-13	4.29352e-06
14.5729	1.04165e-13	3.21353e-06
14.7739	4.1129e-14	2.39554e-06
14.9749	1.59133e-14	1.7786e-06
15.1759	6.03222e-15	1.31523e-06
15.3769	2.23991e-15	9.68683e-07
15.5779	8.14612e-16	7.10579e-07
15.7789	2.90119e-16	5.19153e-07
15.9799	1.01169e-16	3.77772e-07
16.1809	3.45395e-17	2.7379e-07
16.3819	1.15433e-17	1.97632e-07
16.5829	3.77611e-18	1.42086e-07
16.7839	1.20899e-18	1.01741e-07
16.9849	3.78812e-19	7.25591e-08
17.1859	1.1615e-19	5.15396e-08
17.3869	3.48484e-20	3.64622e-08
17.5879	1.02302e-20	2.56919e-08
17.7889	2.93836e-21	1.80303e-08
17.9899	8.25705e-22	1.26026e-08
18.191	2.27001e-22	8.7735e-09
18.392	6.10522e-23	6.08326e-09
18.593	1.60633e-23	4.20099e-09
18.794	4.13443e-24	2.88948e-09
18.995	1.04098e-24	1.97943e-09
19.196	2.56392e-25	1.35056e-09
19.397	6.17733e-26	9.17779e-10
19.598	1.45575e-26	6.21177e-10
19.799	3.34899e-27	4.18741e-10
20	7.20965e-28	2.81143e-10
