-20	7.24799e-41	1.77243e-25
-19.799	4.35462e-40	5.3707e-25
-19.598	2.85624e-39	1.60927e-24
-19.397	1.8406e-38	4.76832e-24
-19.196	1.16208e-37	1.39713e-23
-18.995	7.18809e-37	4.04805e-23
-18.794	4.35602e-36	1.15982e-22
-18.593	2.5862e-35	3.28605e-22
-18.392	1.50428e-34	9.20648e-22
-18.191	8.57216e-34	2.55064e-21
-17.9899	4.78567e-33	6.98783e-21
-17.7889	2.61749e-32	1.89309e-20
-17.5879	1.40254e-31	5.07152e-20
-17.3869	7.36266e-31	1.34351e-19
-17.1859	3.78651e-30	3.5195e-19
-16.9849	1.90778e-29	9.1171e-19
-16.7839	9.41675e-29	2.33545e-18
-16.5829	4.55362e-28	5.91589e-18
-16.3819	2.15722e-27	1.48186e-17
-16.1809	1.00118e-26	3.67054e-17
-15.9799	4.55208e-26	8.99063e-17
-15.7789	2.02762e-25	2.17765e-16
-15.5779	8.84798e-25	5.2158e-16
-15.3769	3.78251e-24	1.23535e-15
-15.1759	1.58414e-23	2.89333e-15
-14.9749	6.49963e-23	6.70104e-15
-14.7739	2.61254e-22	1.5347e-14
-14.5729	1.02877e-21	3.47568e-14
-14.3719	3.96873e-21	7.78385e-14
-14.1709	1.49992e-20	1.72379e-13
-13.9698	5.55356e-20	3.77496e-13
-13.7688	2.01446e-19	8.1748e-13
-13.5678	7.15871e-19	1.75057e-12
-13.3668	2.49231e-18	3.70695e-12
-13.1658	8.50087e-18	7.76231e-12
-12.9648	2.84068e-17	1.60732e-11
-12.7638	9.3e-17	3.29117e-11
-12.5628	2.98298e-16	6.66401e-11
-12.3618	9.37408e-16	1.33431e-10
-12.1608	2.88619e-15	2.64189e-10
-11.9598	8.70655e-15	5.17262e-10
-11.7588	2.57335e-14	1.00148e-09
-11.5578	7.4523e-14	1.91739e-09
-11.3568	2.11461e-13	3.63008e-09
-11.1558	5.87934e-13	6.79608e-09
-10.9548	1.60175e-12	1.25816e-08
-10.7538	4.27606e-12	2.30331e-08
-10.5528	1.11863e-11	4.1697e-08
-10.3518	2.8677e-11	7.46439e-08
-10.1508	7.20449e-11	1.32136e-07
-9.94975	1.77383e-10	2.31304e-07
-9.74874	4.28033e-10	4.00389e-07
-9.54774	1.01232e-09	6.85359e-07
-9.34673	2.34667e-09	1.16009e-06
-9.14573	5.33217e-09	1.94178e-06
-8.94472	1.18767e-08	3.21401e-06
-8.74372	2.59331e-08	5.26054e-06
-8.54271	5.55141e-08	8.51432e-06
-8.34171	1.16513e-07	1.36272e-05
-8.1407	2.39769e-07	2.15675e-05
-7.9397	4.83832e-07	3.37544e-05
-7.73869	9.5744e-07	5.22392e-05
-7.53769	1.85814e-06	7.99467e-05
-7.33668	3.53699e-06	0.000120988
-7.13568	6.60412e-06	0.000181058
-6.93467	1.20966e-05	0.000267936
-6.73367	2.1738e-05	0.000392087
-6.53266	3.83292e-05	0.000567374
-6.33166	6.63188e-05	0.000811883
-6.13065	0.000112613	0.00114883
-5.92965	0.000187687	0.0016075
-5.72864	0.000307059	0.00222426
-5.52764	0.000493175	0.00304339
-5.32663	0.000777722	0.0041178
-5.12563	0.00120432	0.00550947
-4.92462	0.00183151	0.00728938
-4.72362	0.00273576	0.00953694
-4.52261	0.0040142	0.0123385
-4.32161	0.00578664	0.0157854
-4.1206	0.0081962	0.0199703
-3.9196	0.011408	0.0249832
-3.71859	0.0156052	0.0309065
-3.51759	0.0209816	0.0378085
-3.31658	0.0277312	0.0457366
-3.11558	0.0360335	0.0547112
-2.91457	0.046036	0.064718
-2.71357	0.0578342	0.0757026
-2.51256	0.0714514	0.0875655
-2.31156	0.0868189	0.100159
-2.11055	0.103761	0.113289
-1.90955	0.121983	0.126713
-1.70854	0.141074	0.140149
-1.50754	0.160511	0.153284
-1.30653	0.179679	0.165782
-1.10553	0.1979	0.177304
-0.904523	0.214474	0.187514
-0.703518	0.228716	0.196104
-0.502513	0.240009	0.202804
-0.301508	0.247842	0.207397
-0.100503	0.251853	0.209733
0.100503	0.251853	0.209733
0.301508	0.247842	0.207397
0.502513	0.240009	0.202804
0.703518	0.228716	0.196104
0.904523	0.214474	0.187514
1.10553	0.1979	0.177304
1.30653	0.179679	0.165782
1.50754	0.160511	0.153284
1.70854	0.141074	0.140149
1.90955	0.121983	0.126713
2.11055	0.103761	0.113289
2.31156	0.0868189	0.100159
2.51256	0.0714514	0.0875655
2.71357	0.0578342	0.0757026
2.91457	0.046036	0.064718
3.11558	0.0360335	0.0547112
3.31658	0.0277312	0.0457366
3.51759	0.0209816	0.0378085
3.71859	0.0156052	0.0309065
3.9196	0.011408	0.0249832
4.1206	0.0081962	0.0199703
4.32161	0.00578664	0.0157854
4.52261	0.0040142	0.0123385
4.72362	0.00273576	0.00953694
4.92462	0.00183151	0.00728938
5.12563	0.00120432	0.00550947
5.32663	0.000777722	0.0041178
5.52764	0.000493175	0.00304339
5.72864	0.000307059	0.00222426
5.92965	0.000187687	0.0016075
6.13065	0.000112613	0.00114883
6.33166	6.63188e-05	0.000811883
6.53266	3.83292e-05	0.000567374
6.73367	2.1738e-05	0.000392087
6.93467	1.20966e-05	0.000267936
7.13568	6.60412e-06	0.000181058
7.33668	3.53699e-06	0.000120988
7.53769	1.85814e-06	7.99467e-05
7.73869	9.5744e-07	5.22392e-05
7.9397	4.83832e-07	3.37544e-05
8.1407	2.39769e-07	2.15675e-05
8.34171	1.16513e-07	1.36272e-05
8.54271	5.55141e-08	8.51432e-06
8.74372	2.59331e-08	5.26054e-06
8.94472	1.18767e-08	3.21401e-06
9.14573	5.33217e-09	1.94178e-06
9.34673	2.34667e-09	1.16009e-06
9.54774	1.01232e-09	6.85359e-07
9.74874	4.28033e-10	4.00389e-07
9.94975	1.77383e-10	2.31304e-07
10.1508	7.20449e-11	1.32136e-07
10.3518	2.8677e-11	7.46439e-08
10.5528	1.11863e-11	4.1697e-08
10.7538	4.27606e-12	2.30331e-08
10.9548	1.60175e-12	1.25816e-08
11.1558	5.87934e-13	6.79608e-09
11.3568	2.11461e-13	3.63008e-09
11.5578	7.4523e-14	1.91739e-09
11.7588	2.57335e-14	1.00148e-09
11.9598	8.70655e-15	5.17262e-10
12.1608	2.88619e-15	2.64189e-10
12.3618	9.37408e-16	1.33431e-10
12.5628	2.98298e-16	6.66401e-11
12.7638	9.3e-17	3.29117e-11
12.9648	2.84068e-17	1.60732e-11
13.1658	8.50087e-18	7.76231e-12
13.3668	2.49231e-18	3.70695e-12
13.5678	7.15871e-19	1.75057e-12
13.7688	2.01446e-19	8.1748e-13
13.9698	5.55356e-20	3.77496e-13
14.1709	1.49992e-20	1.72379e-13
14.3719	3.96873e-21	7.78385e-14
14.5729	1.02877e-21	3.47568e-14
14.7739	2.61254e-22	1.5347e-14
14.9749	6.49963e-23	6.70104e-15
15.1759	1.58414e-23	2.89333e-15
15.3769	3.78251e-24	1.23535e-15
15.5779	8.84798e-25	5.2158e-16
15.7789	2.02762e-25	2.17765e-16
15.9799	4.55208e-26	8.99063e-17
16.1809	1.00118e-26	3.67054e-17
16.3819	2.15722e-27	1.48186e-17
16.5829	4.55362e-28	5.91589e-18
16.7839	9.41675e-29	2.33545e-18
16.9849	1.90778e-29	9.1171e-19
17.1859	3.78651e-30	3.5195e-19
17.3869	7.36266e-31	1.34351e-19
17.5879	1.40254e-31	5.07152e-20
17.7889	2.61749e-32	1.89309e-20
17.9899	4.78567e-33	6.98783e-21
18.191	8.57216e-34	2.55064e-21
18.392	1.50428e-34	9.20648e-22
18.593	2.5862e-35	3.28605e-22
18.794	4.35602e-36	1.15982e-22
18.995	7.18809e-37	4.04805e-23
19.196	1.16208e-37	1.39713e-23
19.397	1.84059e-38	4.76832e-24
19.598	2.85613e-39	1.60927e-24
19.799	4.34014e-40	5.3707e-25
20	6.33381e-41	1.77243e-25
