-20	4.82077e-39	3.90744e-21
-19.799	2.74439e-38	9.67422e-21
-19.598	1.71361e-37	2.37336e-20
-19.397	1.0512e-36	5.76943e-20
-19.196	6.31708e-36	1.38972e-19
-18.995	3.71858e-35	3.31697e-19
-18.794	2.14419e-34	7.84478e-19
-18.593	1.21109e-33	1.83841e-18
-18.392	6.70051e-33	4.26901e-18
-18.191	3.63128e-32	9.82281e-18
-17.9899	1.92765e-31	2.23958e-17
-17.7889	1.00234e-30	5.05965e-17
-17.5879	5.10517e-30	1.13265e-16
-17.3869	2.54694e-29	2.51245e-16
-17.1859	1.24462e-28	5.5223e-16
-16.9849	5.95749e-28	1.20272e-15
-16.7839	2.79316e-27	2.59558e-15
-16.5829	1.28273e-26	5.55043e-15
-16.3819	5.77002e-26	1.17609e-14
-16.1809	2.54228e-25	2.46933e-14
-15.9799	1.09717e-24	5.13736e-14
-15.7789	4.63796e-24	1.05907e-13
-15.5779	1.92037e-23	2.16337e-13
-15.3769	7.78833e-23	4.37885e-13
-15.1759	3.09393e-22	8.7824e-13
-14.9749	1.20387e-21	1.74538e-12
-14.7739	4.58839e-21	3.43707e-12
-14.5729	1.71297e-20	6.70671e-12
-14.3719	6.26398e-20	1.29674e-11
-14.1709	2.24372e-19	2.4844e-11
-13.9698	7.87237e-19	4.71642e-11
-13.7688	2.70562e-18	8.8721e-11
-13.5678	9.10874e-18	1.65372e-10
-13.3668	3.0039e-17	3.05438e-10
-13.1658	9.70408e-17	5.58992e-10
-12.9648	3.07096e-16	1.0137e-09
-12.7638	9.52034e-16	1.82154e-09
-12.5628	2.89134e-15	3.24333e-09
-12.3618	8.60253e-15	5.72224e-09
-12.1608	2.50752e-14	1.00038e-08
-11.9598	7.16087e-14	1.73294e-08
-11.7588	2.00358e-13	2.97459e-08
-11.5578	5.49266e-13	5.05935e-08
-11.3568	1.4754e-12	8.52676e-08
-11.1558	3.88336e-12	1.42396e-07
-10.9548	1.00161e-11	2.35631e-07
-10.7538	2.53163e-11	3.86359e-07
-10.5528	6.27105e-11	6.27729e-07
-10.3518	1.52245e-10	1.01059e-06
-10.1508	3.62275e-10	1.61215e-06
-9.94975	8.44992e-10	2.54832e-06
-9.74874	1.93206e-09	3.99143e-06
-9.54774	4.33085e-09	6.19476e-06
-9.34673	9.51808e-09	9.52674e-06
-9.14573	2.0511e-08	1.45173e-05
-8.94472	4.33436e-08	2.19206e-05
-8.74372	8.98272e-08	3.27975e-05
-8.54271	1.82592e-07	4.86242e-05
-8.34171	3.64075e-07	7.1431e-05
-8.1407	7.12176e-07	0.000103979
-7.9397	1.36686e-06	0.000149977
-7.73869	2.57425e-06	0.000214352
-7.53769	4.75804e-06	0.000303567
-7.33668	8.632e-06	0.000425994
-7.13568	1.53731e-05	0.000592346
-6.93467	2.68807e-05	0.000816152
-6.73367	4.6154e-05	0.00111427
-6.53266	7.78276e-05	0.00150741
-6.33166	0.000128908	0.00202067
-6.13065	0.000209755	0.002684
-5.92965	0.00033535	0.00353259
-5.72864	0.000526872	0.00460708
-5.52764	0.000813583	0.00595364
-5.32663	0.00123497	0.00762363
-5.12563	0.00184303	0.00967306
-4.92462	0.00270457	0.0121616
-4.72362	0.00390321	0.0151509
-4.52261	0.00554073	0.0187029
-4.32161	0.00773743	0.0228772
-4.1206	0.010631	0.0277281
-3.9196	0.0143733	0.0333012
-3.71859	0.0191253	0.0396299
-3.51759	0.0250484	0.0467315
-3.31658	0.0322946	0.0546033
-3.11558	0.040993	0.0632195
-2.91457	0.051235	0.0725281
-2.71357	0.0630593	0.0824488
-2.51256	0.0764366	0.0928721
-2.31156	0.0912566	0.10366
-2.11055	0.107319	0.114645
-1.90955	0.124329	0.12564
-1.70854	0.141902	0.136433
-1.50754	0.159569	0.146803
-1.30653	0.176799	0.156522
-1.10553	0.193023	0.165363
-0.904523	0.207659	0.17311
-0.703518	0.220154	0.179569
-0.502513	0.230009	0.18457
-0.301508	0.236821	0.187982
-0.100503	0.240301	0.189711
0.100503	0.240301	0.189711
0.301508	0.236821	0.187982
0.502513	0.230009	0.18457
0.703518	0.220154	0.179569
0.904523	0.207659	0.17311
1.10553	0.193023	0.165363
1.30653	0.176799	0.156522
1.50754	0.159569	0.146803
1.70854	0.141902	0.136433
1.90955	0.124329	0.12564
2.11055	0.107319	0.114645
2.31156	0.0912566	0.10366
2.51256	0.0764366	0.0928721
2.71357	0.0630593	0.0824488
2.91457	0.051235	0.0725281
3.11558	0.040993	0.0632195
3.31658	0.0322946	0.0546033
3.51759	0.0250484	0.0467315
3.71859	0.0191253	0.0396299
3.9196	0.0143733	0.0333012
4.1206	0.010631	0.0277281
4.32161	0.00773743	0.0228772
4.52261	0.00554073	0.0187029
4.72362	0.00390321	0.0151509
4.92462	0.00270457	0.0121616
5.12563	0.00184303	0.00967306
5.32663	0.00123497	0.00762363
5.52764	0.000813583	0.00595364
5.72864	0.000526872	0.00460708
5.92965	0.00033535	0.00353259
6.13065	0.000209755	0.002684
6.33166	0.000128908	0.00202067
6.53266	7.78276e-05	0.00150741
6.73367	4.6154e-05	0.00111427
6.93467	2.68807e-05	0.000816152
7.13568	1.53731e-05	0.000592346
7.33668	8.632e-06	0.000425994
7.53769	4.75804e-06	0.000303567
7.73869	2.57425e-06	0.000214352
7.9397	1.36686e-06	0.000149977
8.1407	7.12176e-07	0.000103979
8.34171	3.64075e-07	7.1431e-05
8.54271	1.82592e-07	4.86242e-05
8.74372	8.98272e-08	3.27975e-05
8.94472	4.33436e-08	2.19206e-05
9.14573	2.0511e-08	1.45173e-05
9.34673	9.51808e-09	9.52674e-06
9.54774	4.33085e-09	6.19476e-06
9.74874	1.93206e-09	3.99143e-06
9.94975	8.44992e-10	2.54832e-06
10.1508	3.62275e-10	1.61215e-06
10.3518	1.52245e-10	1.01059e-06
10.5528	6.27105e-11	6.27729e-07
10.7538	2.53163e-11	3.86359e-07
10.9548	1.00161e-11	2.35631e-07
11.1558	3.88336e-12	1.42396e-07
11.3568	1.4754e-12	8.52676e-08
11.5578	5.49266e-13	5.05935e-08
11.7588	2.00358e-13	2.97459e-08
11.9598	7.16087e-14	1.73294e-08
12.1608	2.50752e-14	1.00038e-08
12.3618	8.60253e-15	5.72224e-09
12.5628	2.89134e-15	3.24333e-09
12.7638	9.52034e-16	1.82154e-09
12.9648	3.07096e-16	1.0137e-09
13.1658	9.70408e-17	5.58992e-10
13.3668	3.0039e-17	3.05438e-10
13.5678	9.10874e-18	1.65372e-10
13.7688	2.70562e-18	8.8721e-11
13.9698	7.87237e-19	4.71642e-11
14.1709	2.24372e-19	2.4844e-11
14.3719	6.26398e-20	1.29674e-11
14.5729	1.71297e-20	6.70671e-12
14.7739	4.58839e-21	3.43707e-12
14.9749	1.20387e-21	1.74538e-12
15.1759	3.09393e-22	8.7824e-13
15.3769	7.78833e-23	4.37885e-13
15.5779	1.92037e-23	2.16337e-13
15.7789	4.63796e-24	1.05907e-13
15.9799	1.09717e-24	5.13736e-14
16.1809	2.54228e-25	2.46933e-14
16.3819	5.77002e-26	1.17609e-14
16.5829	1.28273e-26	5.55043e-15
16.7839	2.79316e-27	2.59558e-15
16.9849	5.95749e-28	1.20272e-15
17.1859	1.24462e-28	5.5223e-16
17.3869	2.54694e-29	2.51245e-16
17.5879	5.10517e-30	1.13265e-16
17.7889	1.00234e-30	5.05965e-17
17.9899	1.92765e-31	2.23958e-17
18.191	3.63128e-32	9.82281e-18
18.392	6.70051e-33	4.26901e-18
18.593	1.21109e-33	1.83841e-18
18.794	2.14419e-34	7.84478e-19
18.995	3.71858e-35	3.31697e-19
19.196	6.31708e-36	1.38972e-19
19.397	1.0512e-36	5.76943e-20
19.598	1.71348e-37	2.37336e-20
19.799	2.73454e-38	9.67422e-21
20	4.18122e-39	3.90744e-21
