-20	2.84976e-37	3.89134e-18
-19.799	1.53741e-36	8.37786e-18
-19.598	9.1298e-36	1.7898e-17
-19.397	5.32743e-35	3.79411e-17
-19.196	3.04484e-34	7.98091e-17
-18.995	1.70438e-33	1.66583e-16
-18.794	9.34366e-33	3.45021e-16
-18.593	5.01666e-32	7.09081e-16
-18.392	2.63789e-31	1.44605e-15
-18.191	1.35843e-30	2.92621e-15
-17.9899	6.85109e-30	5.87575e-15
-17.7889	3.38389e-29	1.17073e-14
-17.5879	1.63684e-28	2.31467e-14
-17.3869	7.75406e-28	4.54104e-14
-17.1859	3.59734e-27	8.84011e-14
-16.9849	1.63442e-26	1.70764e-13
-16.7839	7.27228e-26	3.27319e-13
-16.5829	3.16888e-25	6.2256e-13
-16.3819	1.35228e-24	1.17497e-12
-16.1809	5.65136e-24	2.20045e-12
-15.9799	2.31295e-23	4.08912e-12
-15.7789	9.27061e-23	7.54022e-12
-15.5779	3.63897e-22	1.37967e-11
-15.3769	1.39888e-21	2.50496e-11
-15.1759	5.26642e-21	4.51299e-11
-14.9749	1.94173e-20	8.06795e-11
-14.7739	7.01136e-20	1.43119e-10
-14.5729	2.47949e-19	2.51923e-10
-14.3719	8.58767e-19	4.40023e-10
-14.1709	2.91305e-18	7.62638e-10
-13.9698	9.67801e-18	1.31159e-09
-13.7688	3.1492e-17	2.23827e-09
-13.5678	1.00369e-16	3.79021e-09
-13.3668	3.13328e-16	6.36869e-09
-13.1658	9.58091e-16	1.06187e-08
-12.9648	2.86971e-15	1.75684e-08
-12.7638	8.41996e-15	2.88421e-08
-12.5628	2.42013e-14	4.69848e-08
-12.3618	6.81464e-14	7.59494e-08
-12.1608	1.87994e-13	1.21823e-07
-11.9598	5.08119e-13	1.93895e-07
-11.7588	1.34565e-12	3.06226e-07
-11.5578	3.49195e-12	4.79902e-07
-11.3568	8.87983e-12	7.46276e-07
-11.1558	2.21296e-11	1.15155e-06
-10.9548	5.40515e-11	1.7632e-06
-10.7538	1.29403e-10	2.6789e-06
-10.5528	3.03682e-10	4.03876e-06
-10.3518	6.98678e-10	6.04192e-06
-10.1508	1.57602e-09	8.96888e-06
-9.94975	3.48592e-09	1.32111e-05
-9.74874	7.56127e-09	1.93096e-05
-9.54774	1.6086e-08	2.80055e-05
-9.34673	3.35681e-08	4.03043e-05
-9.14573	6.87217e-08	5.75565e-05
-8.94472	1.3804e-07	8.15593e-05
-8.74372	2.721e-07	0.00011468
-8.54271	5.26409e-07	0.000160007
-8.34171	9.99675e-07	0.000221527
-8.1407	1.86383e-06	0.000304334
-7.9397	3.41219e-06	0.000414868
-7.73869	6.13502e-06	0.000561184
-7.53769	1.0835e-05	0.000753246
-7.33668	1.87995e-05	0.00100324
-7.13568	3.20513e-05	0.00132589
-6.93467	5.3704e-05	0.00173879
-6.73367	8.84519e-05	0.00226268
-6.53266	0.000143227	0.00292169
-6.33166	0.000228056	0.00374353
-6.13065	0.000357134	0.00475954
-5.92965	0.000550144	0.00600461
-5.72864	0.000833782	0.00751692
-5.52764	0.00124347	0.00933752
-5.32663	0.00182517	0.0115096
-5.12563	0.0026371	0.0140774
-4.92462	0.00375129	0.0170853
-4.72362	0.00525452	0.0205759
-4.52261	0.00724858	0.0245884
-4.32161	0.00984933	0.0291566
-4.1206	0.0131844	0.0343069
-3.9196	0.0173888	0.0400554
-3.71859	0.0225995	0.0464062
-3.51759	0.028947	0.0533492
-3.31658	0.0365457	0.0608577
-3.11558	0.0454829	0.0688873
-2.91457	0.0558068	0.0773747
-2.71357	0.0675147	0.0862373
-2.51256	0.0805424	0.0953733
-2.31156	0.0947555	0.104663
-2.11055	0.109945	0.113972
-1.90955	0.125826	0.123151
-1.70854	0.142042	0.132043
-1.50754	0.158178	0.140484
-1.30653	0.173773	0.148311
-1.10553	0.18834	0.155367
-0.904523	0.201396	0.161502
-0.703518	0.21248	0.166584
-0.502513	0.221186	0.1705
-0.301508	0.227185	0.173162
-0.100503	0.230244	0.174509
0.100503	0.230244	0.174509
0.301508	0.227185	0.173162
0.502513	0.221186	0.1705
0.703518	0.21248	0.166584
0.904523	0.201396	0.161502
1.10553	0.18834	0.155367
1.30653	0.173773	0.148311
1.50754	0.158178	0.140484
1.70854	0.142042	0.132043
1.90955	0.125826	0.123151
2.11055	0.109945	0.113972
2.31156	0.0947555	0.104663
2.51256	0.0805424	0.0953733
2.71357	0.0675147	0.0862373
2.91457	0.0558068	0.0773747
3.11558	0.0454829	0.0688873
3.31658	0.0365457	0.0608577
3.51759	0.028947	0.0533492
3.71859	0.0225995	0.0464062
3.9196	0.0173888	0.0400554
4.1206	0.0131844	0.0343069
4.32161	0.00984933	0.0291566
4.52261	0.00724858	0.0245884
4.72362	0.00525452	0.0205759
4.92462	0.00375129	0.0170853
5.12563	0.0026371	0.0140774
5.32663	0.00182517	0.0115096
5.52764	0.00124347	0.00933752
5.72864	0.000833782	0.00751692
5.92965	0.000550144	0.00600461
6.13065	0.000357134	0.00475954
6.33166	0.000228056	0.00374353
6.53266	0.000143227	0.00292169
6.73367	8.84519e-05	0.00226268
6.93467	5.3704e-05	0.00173879
7.13568	3.20513e-05	0.00132589
7.33668	1.87995e-05	0.00100324
7.53769	1.0835e-05	0.000753246
7.73869	6.13502e-06	0.000561184
7.9397	3.41219e-06	0.000414868
8.1407	1.86383e-06	0.000304334
8.34171	9.99675e-07	0.000221527
8.54271	5.26409e-07	0.000160007
8.74372	2.721e-07	0.00011468
8.94472	1.3804e-07	8.15593e-05
9.14573	6.87217e-08	5.75565e-05
9.34673	3.35681e-08	4.03043e-05
9.54774	1.6086e-08	2.80055e-05
9.74874	7.56127e-09	1.93096e-05
9.94975	3.48592e-09	1.32111e-05
10.1508	1.57602e-09	8.96888e-06
10.3518	6.98678e-10	6.04192e-06
10.5528	3.03682e-10	4.03876e-06
10.7538	1.29403e-10	2.6789e-06
10.9548	5.40515e-11	1.7632e-06
11.1558	2.21296e-11	1.15155e-06
11.3568	8.87983e-12	7.46276e-07
11.5578	3.49195e-12	4.79902e-07
11.7588	1.34565e-12	3.06226e-07
11.9598	5.08119e-13	1.93895e-07
12.1608	1.87994e-13	1.21823e-07
12.3618	6.81464e-14	7.59494e-08
12.5628	2.42013e-14	4.69848e-08
12.7638	8.41996e-15	2.88421e-08
12.9648	2.86971e-15	1.75684e-08
13.1658	9.58091e-16	1.06187e-08
13.3668	3.13328e-16	6.36869e-09
13.5678	1.00369e-16	3.79021e-09
13.7688	3.1492e-17	2.23827e-09
13.9698	9.67801e-18	1.31159e-09
14.1709	2.91305e-18	7.62638e-10
14.3719	8.58767e-19	4.40023e-10
14.5729	2.47949e-19	2.51923e-10
14.7739	7.01136e-20	1.43119e-10
14.9749	1.94173e-20	8.06795e-11
15.1759	5.26642e-21	4.51299e-11
15.3769	1.39888e-21	2.50496e-11
15.5779	3.63897e-22	1.37967e-11
15.7789	9.27061e-23	7.54022e-12
15.9799	2.31295e-23	4.08912e-12
16.1809	5.65136e-24	2.20045e-12
16.3819	1.35228e-24	1.17497e-12
16.5829	3.16888e-25	6.2256e-13
16.7839	7.27228e-26	3.27319e-13
16.9849	1.63442e-26	1.70764e-13
17.1859	3.59734e-27	8.84011e-14
17.3869	7.75406e-28	4.54104e-14
17.5879	1.63684e-28	2.31467e-14
17.7889	3.38389e-29	1.17073e-14
17.9899	6.85109e-30	5.87575e-15
18.191	1.35843e-30	2.92621e-15
18.392	2.63789e-31	1.44605e-15
18.593	5.01666e-32	7.09081e-16
18.794	9.34366e-33	3.45021e-16
18.995	1.70438e-33	1.66583e-16
19.196	3.04484e-34	7.98091e-17
19.397	5.32741e-35	3.79411e-17
19.598	9.12888e-36	1.7898e-17
19.799	1.53112e-36	8.37786e-18
20	2.45449e-37	3.89134e-18
