-20	1.49416e-35	6.06682e-16
-19.799	7.63406e-35	1.17901e-15
-19.598	4.30767e-34	2.27592e-15
-19.397	2.38905e-33	4.36399e-15
-19.196	1.29756e-32	8.31181e-15
-18.995	6.9009e-32	1.57251e-14
-18.794	3.59378e-31	2.95511e-14
-18.593	1.83258e-30	5.51622e-14
-18.392	9.15032e-30	1.02281e-13
-18.191	4.47371e-29	1.88379e-13
-17.9899	2.14169e-28	3.44632e-13
-17.7889	1.00392e-27	6.26274e-13
-17.5879	4.60777e-27	1.13047e-12
-17.3869	2.07078e-26	2.02692e-12
-17.1859	9.11224e-26	3.60996e-12
-16.9849	3.92613e-25	6.38634e-12
-16.7839	1.65635e-24	1.12224e-11
-16.5829	6.84206e-24	1.95888e-11
-16.3819	2.7674e-23	3.39636e-11
-16.1809	1.09599e-22	5.8493e-11
-15.9799	4.25004e-22	1.00065e-10
-15.7789	1.61375e-21	1.70036e-10
-15.5779	5.99983e-21	2.87005e-10
-15.3769	2.18427e-20	4.81195e-10
-15.1759	7.78656e-20	8.0138e-10
-14.9749	2.71808e-19	1.32569e-09
-14.7739	9.29105e-19	2.17836e-09
-14.5729	3.11002e-18	3.55552e-09
-14.3719	1.01945e-17	5.7645e-09
-14.1709	3.27258e-17	9.28336e-09
-13.9698	1.02884e-16	1.48503e-08
-13.7688	3.16775e-16	2.35966e-08
-13.5678	9.55259e-16	3.72434e-08
-13.3668	2.82147e-15	5.83894e-08
-13.1658	8.16277e-15	9.09295e-08
-12.9648	2.31328e-14	1.40657e-07
-12.7638	6.42208e-14	2.16123e-07
-12.5628	1.74665e-13	3.29859e-07
-12.3618	4.65426e-13	5.0008e-07
-12.1608	1.21519e-12	7.53072e-07
-11.9598	3.10898e-12	1.12647e-06
-11.7588	7.79496e-12	1.67373e-06
-11.5578	1.91546e-11	2.47024e-06
-11.3568	4.6136e-11	3.6214e-06
-11.1558	1.08934e-10	5.27352e-06
-10.9548	2.52167e-10	7.62797e-06
-10.7538	5.72367e-10	1.09598e-05
-10.5528	1.27402e-09	1.56416e-05
-10.3518	2.78133e-09	2.21741e-05
-10.1508	5.95616e-09	3.12246e-05
-9.94975	1.25137e-08	4.36749e-05
-9.74874	2.57973e-08	6.0681e-05
-9.54774	5.21925e-08	8.37449e-05
-9.34673	1.03648e-07	0.000114802
-9.14573	2.02072e-07	0.000156324
-8.94472	3.86833e-07	0.00021144
-8.74372	7.27272e-07	0.000284076
-8.54271	1.34309e-06	0.000379111
-8.34171	2.4369e-06	0.000502556
-8.1407	4.34485e-06	0.000661739
-7.9397	7.61389e-06	0.000865516
-7.73869	1.31165e-05	0.00112447
-7.53769	2.22178e-05	0.00145113
-7.33668	3.70118e-05	0.00186016
-7.13568	6.06492e-05	0.00236854
-6.93467	9.77783e-05	0.00299568
-6.73367	0.000155125	0.00376353
-6.53266	0.000242228	0.00469657
-6.33166	0.000372357	0.00582171
-6.13065	0.000563599	0.00716814
-5.92965	0.000840111	0.00876693
-5.72864	0.0012335	0.0106506
-5.52764	0.00178426	0.0128524
-5.32663	0.00254313	0.0154058
-5.12563	0.00357225	0.0183428
-4.92462	0.00494598	0.0216937
-4.72362	0.006751	0.0254851
-4.52261	0.00908564	0.0297388
-4.32161	0.0120581	0.0344705
-4.1206	0.0157833	0.0396877
-3.9196	0.0203784	0.045389
-3.71859	0.025957	0.051562
-3.51759	0.0326214	0.0581827
-3.31658	0.0404541	0.0652145
-3.11558	0.0495088	0.0726072
-2.91457	0.0598009	0.0802971
-2.71357	0.0712982	0.0882076
-2.51256	0.0839139	0.0962492
-2.31156	0.0975012	0.104321
-2.11055	0.111851	0.112314
-1.90955	0.126693	0.120111
-1.70854	0.141702	0.127589
-1.50754	0.156508	0.134627
-1.30653	0.170707	0.141103
-1.10553	0.183885	0.146901
-0.904523	0.195628	0.151914
-0.703518	0.205553	0.156047
-0.502513	0.213321	0.159221
-0.301508	0.21866	0.161372
-0.100503	0.221379	0.162459
0.100503	0.221379	0.162459
0.301508	0.21866	0.161372
0.502513	0.213321	0.159221
0.703518	0.205553	0.156047
0.904523	0.195628	0.151914
1.10553	0.183885	0.146901
1.30653	0.170707	0.141103
1.50754	0.156508	0.134627
1.70854	0.141702	0.127589
1.90955	0.126693	0.120111
2.11055	0.111851	0.112314
2.31156	0.0975012	0.104321
2.51256	0.0839139	0.0962492
2.71357	0.0712982	0.0882076
2.91457	0.0598009	0.0802971
3.11558	0.0495088	0.0726072
3.31658	0.0404541	0.0652145
3.51759	0.0326214	0.0581827
3.71859	0.025957	0.051562
3.9196	0.0203784	0.045389
4.1206	0.0157833	0.0396877
4.32161	0.0120581	0.0344705
4.52261	0.00908564	0.0297388
4.72362	0.006751	0.0254851
4.92462	0.00494598	0.0216937
5.12563	0.00357225	0.0183428
5.32663	0.00254313	0.0154058
5.52764	0.00178426	0.0128524
5.72864	0.0012335	0.0106506
5.92965	0.000840111	0.00876693
6.13065	0.000563599	0.00716814
6.33166	0.000372357	0.00582171
6.53266	0.000242228	0.00469657
6.73367	0.000155125	0.00376353
6.93467	9.77783e-05	0.00299568
7.13568	6.06492e-05	0.00236854
7.33668	3.70118e-05	0.00186016
7.53769	2.22178e-05	0.00145113
7.73869	1.31165e-05	0.00112447
7.9397	7.61389e-06	0.000865516
8.1407	4.34485e-06	0.000661739
8.34171	2.4369e-06	0.000502556
8.54271	1.34309e-06	0.000379111
8.74372	7.27272e-07	0.000284076
8.94472	3.86833e-07	0.00021144
9.14573	2.02072e-07	0.000156324
9.34673	1.03648e-07	0.000114802
9.54774	5.21925e-08	8.37449e-05
9.74874	2.57973e-08	6.0681e-05
9.94975	1.25137e-08	4.36749e-05
10.1508	5.95616e-09	3.12246e-05
10.3518	2.78133e-09	2.21741e-05
10.5528	1.27402e-09	1.56416e-05
10.7538	5.72367e-10	1.09598e-05
10.9548	2.52167e-10	7.62797e-06
11.1558	1.08934e-10	5.27352e-06
11.3568	4.6136e-11	3.6214e-06
11.5578	1.91546e-11	2.47024e-06
11.7588	7.79496e-12	1.67373e-06
11.9598	3.10898e-12	1.12647e-06
12.1608	1.21519e-12	7.53072e-07
12.3618	4.65426e-13	5.0008e-07
12.5628	1.74665e-13	3.29859e-07
12.7638	6.42208e-14	2.16123e-07
12.9648	2.31328e-14	1.40657e-07
13.1658	8.16277e-15	9.09295e-08
13.3668	2.82147e-15	5.83894e-08
13.5678	9.55259e-16	3.72434e-08
13.7688	3.16775e-16	2.35966e-08
13.9698	1.02884e-16	1.48503e-08
14.1709	3.27258e-17	9.28336e-09
14.3719	1.01945e-17	5.7645e-09
14.5729	3.11002e-18	3.55552e-09
14.7739	9.29105e-19	2.17836e-09
14.9749	2.71808e-19	1.32569e-09
15.1759	7.78656e-20	8.0138e-10
15.3769	2.18427e-20	4.81195e-10
15.5779	5.99983e-21	2.87005e-10
15.7789	1.61375e-21	1.70036e-10
15.9799	4.25004e-22	1.00065e-10
16.1809	1.09599e-22	5.8493e-11
16.3819	2.7674e-23	3.39636e-11
16.5829	6.84206e-24	1.95888e-11
16.7839	1.65635e-24	1.12224e-11
16.9849	3.92613e-25	6.38634e-12
17.1859	9.11224e-26	3.60996e-12
17.3869	2.07078e-26	2.02692e-12
17.5879	4.60777e-27	1.13047e-12
17.7889	1.00392e-27	6.26274e-13
17.9899	2.14169e-28	3.44632e-13
18.191	4.47371e-29	1.88379e-13
18.392	9.15032e-30	1.02281e-13
18.593	1.83258e-30	5.51622e-14
18.794	3.59378e-31	2.95511e-14
18.995	6.9009e-32	1.57251e-14
19.196	1.29756e-32	8.31181e-15
19.397	2.38904e-33	4.36399e-15
19.598	4.30709e-34	2.27592e-15
19.799	7.59804e-35	1.17901e-15
20	1.27767e-35	6.06682e-16
