-20	6.92924e-34	2.85541e-14
-19.799	3.35018e-33	5.13129e-14
-19.598	1.79457e-32	9.1667e-14
-19.397	9.45125e-32	1.6279e-13
-19.196	4.8738e-31	2.87391e-13
-18.995	2.46057e-30	5.04365e-13
-18.794	1.21615e-29	8.79927e-13
-18.593	5.88462e-29	1.52608e-12
-18.392	2.78757e-28	2.63109e-12
-18.191	1.29273e-27	4.50945e-12
-17.9899	5.86895e-27	7.68316e-12
-17.7889	2.60845e-26	1.30132e-11
-17.5879	1.13494e-25	2.19108e-11
-17.3869	4.8343e-25	3.66742e-11
-17.1859	2.01586e-24	6.10228e-11
-16.9849	8.22917e-24	1.00937e-10
-16.7839	3.28868e-23	1.65974e-10
-16.5829	1.28665e-22	2.71305e-10
-16.3819	4.92804e-22	4.40863e-10
-16.1809	1.84786e-21	7.12161e-10
-15.9799	6.78344e-21	1.14362e-09
-15.7789	2.43794e-20	1.82563e-09
-15.5779	8.57824e-20	2.89717e-09
-15.3769	2.95518e-19	4.5705e-09
-15.1759	9.9676e-19	7.16774e-09
-14.9749	3.29179e-18	1.11745e-08
-14.7739	1.06444e-17	1.73183e-08
-14.5729	3.37037e-17	2.66814e-08
-14.3719	1.045e-16	4.08641e-08
-14.1709	3.17292e-16	6.22163e-08
-13.9698	9.43474e-16	9.41661e-08
-13.7688	2.74759e-15	1.41682e-07
-13.5678	7.8371e-15	2.11915e-07
-13.3668	2.18962e-14	3.15092e-07
-13.1658	5.99274e-14	4.6574e-07
-12.9648	1.6068e-13	6.84349e-07
-12.7638	4.22104e-13	9.99632e-07
-12.5628	1.08652e-12	1.45155e-06
-12.3618	2.74071e-12	2.09533e-06
-12.1608	6.77554e-12	3.00677e-06
-11.9598	1.64185e-11	4.28922e-06
-11.7588	3.9002e-11	6.08253e-06
-11.5578	9.08373e-11	8.5747e-06
-11.3568	2.07457e-10	1.20166e-05
-11.1558	4.64667e-10	1.67408e-05
-10.9548	1.02089e-09	2.31844e-05
-10.7538	2.20044e-09	3.19188e-05
-10.5528	4.65382e-09	4.36842e-05
-10.3518	9.6596e-09	5.94336e-05
-10.1508	1.96806e-08	8.03836e-05
-9.94975	3.93672e-08	0.000108077
-9.74874	7.73272e-08	0.000144453
-9.54774	1.49184e-07	0.000191932
-9.34673	2.82743e-07	0.000253512
-9.14573	5.26549e-07	0.000332872
-8.94472	9.63727e-07	0.000434496
-8.74372	1.73394e-06	0.000563797
-8.54271	3.06741e-06	0.000727258
-8.34171	5.33662e-06	0.000932573
-8.1407	9.13298e-06	0.00118879
-7.9397	1.53782e-05	0.00150646
-7.73869	2.54826e-05	0.00189774
-7.53769	4.1564e-05	0.00237655
-7.33668	6.67457e-05	0.00295859
-7.13568	0.000105548	0.00366143
-6.93467	0.000164397	0.0045045
-6.73367	0.000252254	0.00550897
-6.53266	0.000381393	0.00669766
-6.33166	0.000568303	0.00809477
-6.13065	0.000834727	0.00972555
-5.92965	0.00120877	0.0116159
-5.72864	0.00172608	0.0137918
-5.52764	0.00243089	0.0162786
-5.32663	0.003377	0.0191004
-5.12563	0.00462839	0.022279
-4.92462	0.00625932	0.0258332
-4.72362	0.00835386	0.0297775
-4.52261	0.0110046	0.0341215
-4.32161	0.0143101	0.0388684
-4.1206	0.0183718	0.0440143
-3.9196	0.0232891	0.0495473
-3.71859	0.0291541	0.0554465
-3.51759	0.0360444	0.0616819
-3.31658	0.0440163	0.0682134
-3.11558	0.0530968	0.0749912
-2.91457	0.0632765	0.0819558
-2.71357	0.0745029	0.0890385
-2.51256	0.0866752	0.0961622
-2.31156	0.0996414	0.103243
-2.11055	0.113197	0.110191
-1.90955	0.127091	0.116911
-1.70854	0.141024	0.12331
-1.50754	0.154667	0.129291
-1.30653	0.167667	0.134762
-1.10553	0.179664	0.139636
-0.904523	0.190304	0.143831
-0.703518	0.199262	0.147278
-0.502513	0.206251	0.149917
-0.301508	0.211045	0.151703
-0.100503	0.213483	0.152604
0.100503	0.213483	0.152604
0.301508	0.211045	0.151703
0.502513	0.206251	0.149917
0.703518	0.199262	0.147278
0.904523	0.190304	0.143831
1.10553	0.179664	0.139636
1.30653	0.167667	0.134762
1.50754	0.154667	0.129291
1.70854	0.141024	0.12331
1.90955	0.127091	0.116911
2.11055	0.113197	0.110191
2.31156	0.0996414	0.103243
2.51256	0.0866752	0.0961622
2.71357	0.0745029	0.0890385
2.91457	0.0632765	0.0819558
3.11558	0.0530968	0.0749912
3.31658	0.0440163	0.0682134
3.51759	0.0360444	0.0616819
3.71859	0.0291541	0.0554465
3.9196	0.0232891	0.0495473
4.1206	0.0183718	0.0440143
4.32161	0.0143101	0.0388684
4.52261	0.0110046	0.0341215
4.72362	0.00835386	0.0297775
4.92462	0.00625932	0.0258332
5.12563	0.00462839	0.022279
5.32663	0.003377	0.0191004
5.52764	0.00243089	0.0162786
5.72864	0.00172608	0.0137918
5.92965	0.00120877	0.0116159
6.13065	0.000834727	0.00972555
6.33166	0.000568303	0.00809477
6.53266	0.000381393	0.00669766
6.73367	0.000252254	0.00550897
6.93467	0.000164397	0.0045045
7.13568	0.000105548	0.00366143
7.33668	6.67457e-05	0.00295859
7.53769	4.1564e-05	0.00237655
7.73869	2.54826e-05	0.00189774
7.9397	1.53782e-05	0.00150646
8.1407	9.13298e-06	0.00118879
8.34171	5.33662e-06	0.000932573
8.54271	3.06741e-06	0.000727258
8.74372	1.73394e-06	0.000563797
8.94472	9.63727e-07	0.000434496
9.14573	5.26549e-07	0.000332872
9.34673	2.82743e-07	0.000253512
9.54774	1.49184e-07	0.000191932
9.74874	7.73272e-08	0.000144453
9.94975	3.93672e-08	0.000108077
10.1508	1.96806e-08	8.03836e-05
10.3518	9.6596e-09	5.94336e-05
10.5528	4.65382e-09	4.36842e-05
10.7538	2.20044e-09	3.19188e-05
10.9548	1.02089e-09	2.31844e-05
11.1558	4.64667e-10	1.67408e-05
11.3568	2.07457e-10	1.20166e-05
11.5578	9.08373e-11	8.5747e-06
11.7588	3.9002e-11	6.08253e-06
11.9598	1.64185e-11	4.28922e-06
12.1608	6.77554e-12	3.00677e-06
12.3618	2.74071e-12	2.09533e-06
12.5628	1.08652e-12	1.45155e-06
12.7638	4.22104e-13	9.99632e-07
12.9648	1.6068e-13	6.84349e-07
13.1658	5.99274e-14	4.6574e-07
13.3668	2.18962e-14	3.15092e-07
13.5678	7.8371e-15	2.11915e-07
13.7688	2.74759e-15	1.41682e-07
13.9698	9.43474e-16	9.41661e-08
14.1709	3.17292e-16	6.22163e-08
14.3719	1.045e-16	4.08641e-08
14.5729	3.37037e-17	2.66814e-08
14.7739	1.06444e-17	1.73183e-08
14.9749	3.29179e-18	1.11745e-08
15.1759	9.9676e-19	7.16774e-09
15.3769	2.95518e-19	4.5705e-09
15.5779	8.57824e-20	2.89717e-09
15.7789	2.43794e-20	1.82563e-09
15.9799	6.78344e-21	1.14362e-09
16.1809	1.84786e-21	7.12161e-10
16.3819	4.92804e-22	4.40863e-10
16.5829	1.28665e-22	2.71305e-10
16.7839	3.28868e-23	1.65974e-10
16.9849	8.22917e-24	1.00937e-10
17.1859	2.01586e-24	6.10228e-11
17.3869	4.8343e-25	3.66742e-11
17.5879	1.13494e-25	2.19108e-11
17.7889	2.60845e-26	1.30132e-11
17.9899	5.86895e-27	7.68316e-12
18.191	1.29273e-27	4.50945e-12
18.392	2.78757e-28	2.63109e-12
18.593	5.88462e-29	1.52608e-12
18.794	1.21615e-29	8.79927e-13
18.995	2.46057e-30	5.04365e-13
19.196	4.8738e-31	2.87391e-13
19.397	9.4512e-32	1.6279e-13
19.598	1.79426e-32	9.1667e-14
19.799	3.33184e-33	5.13129e-14
20	5.88032e-34	2.85541e-14
