-20	2.83359e-32	5.93007e-13
-19.799	1.2953e-31	1.00181e-12
-19.598	6.58013e-31	1.6835e-12
-19.397	3.28782e-30	2.81411e-12
-19.196	1.60827e-29	4.67915e-12
-18.995	7.70036e-29	7.73914e-12
-18.794	3.60877e-28	1.27326e-11
-18.593	1.65538e-27	2.08374e-11
-18.392	7.43238e-27	3.3921e-11
-18.191	3.26622e-26	5.4928e-11
-17.9899	1.40491e-25	8.84746e-11
-17.7889	5.91481e-25	1.41756e-10
-17.5879	2.43735e-24	2.25926e-10
-17.3869	9.83069e-24	3.58171e-10
-17.1859	3.88097e-23	5.64825e-10
-16.9849	1.49966e-22	8.86007e-10
-16.7839	5.67207e-22	1.38248e-09
-16.5829	2.09989e-21	2.14577e-09
-16.3819	7.60965e-21	3.31288e-09
-16.1809	2.69932e-20	5.08777e-09
-15.9799	9.37296e-20	7.7723e-09
-15.7789	3.18599e-19	1.18106e-08
-15.5779	1.06016e-18	1.78522e-08
-15.3769	3.45361e-18	2.68419e-08
-15.1759	1.10147e-17	4.01452e-08
-14.9749	3.43942e-17	5.97248e-08
-14.7739	1.05157e-16	8.83843e-08
-14.5729	3.14816e-16	1.30105e-07
-14.3719	9.22935e-16	1.90509e-07
-14.1709	2.64979e-15	2.77481e-07
-13.9698	7.451e-15	4.02025e-07
-13.7688	2.05219e-14	5.79391e-07
-13.5678	5.53685e-14	8.30597e-07
-13.3668	1.46351e-13	1.18443e-06
-13.1658	3.79021e-13	1.68007e-06
-12.9648	9.61879e-13	2.37053e-06
-12.7638	2.39234e-12	3.32707e-06
-12.5628	5.83215e-12	4.64493e-06
-12.3618	1.39381e-11	6.45054e-06
-12.1608	3.26598e-11	8.91072e-06
-11.9598	7.50467e-11	1.22442e-05
-11.7588	1.69134e-10	1.67358e-05
-11.5578	3.73933e-10	2.27542e-05
-11.3568	8.11145e-10	3.07735e-05
-11.1558	1.72676e-09	4.13992e-05
-10.9548	3.60813e-09	5.53997e-05
-10.7538	7.40186e-09	7.37432e-05
-10.5528	1.49108e-08	9.7642e-05
-10.3518	2.95027e-08	0.000128603
-10.1508	5.73481e-08	0.000168486
-9.94975	1.0954e-07	0.000219573
-9.74874	2.05648e-07	0.000284637
-9.54774	3.79558e-07	0.000367033
-9.34673	6.88865e-07	0.00047078
-9.14573	1.22969e-06	0.000600662
-8.94472	2.15958e-06	0.000762329
-8.74372	3.73212e-06	0.000962398
-8.54271	6.34829e-06	0.00120855
-8.34171	1.0631e-05	0.00150966
-8.1407	1.7531e-05	0.00187581
-7.9397	2.84744e-05	0.00231846
-7.73869	4.5563e-05	0.00285043
-7.53769	7.18419e-05	0.00348595
-7.33668	0.000111646	0.00424064
-7.13568	0.000171039	0.00513146
-6.93467	0.00025836	0.00617662
-6.73367	0.000384876	0.00739537
-6.53266	0.000565537	0.00880783
-6.33166	0.000819839	0.0104346
-6.13065	0.00117274	0.0122966
-5.92965	0.00165559	0.0144143
-5.72864	0.00230705	0.0168075
-5.52764	0.00317383	0.0194944
-5.32663	0.0043112	0.0224914
-5.12563	0.00578316	0.0258122
-4.92462	0.00766206	0.0294667
-4.72362	0.0100276	0.0334609
-4.52261	0.0129652	0.0377958
-4.32161	0.0165631	0.0424668
-4.1206	0.0209091	0.0474631
-3.9196	0.0260861	0.0527669
-3.71859	0.0321668	0.0583534
-3.51759	0.039208	0.0641906
-3.31658	0.0472442	0.0702386
-3.11558	0.0562819	0.0764505
-2.91457	0.0662934	0.0827722
-2.71357	0.0772122	0.0891432
-2.51256	0.0889295	0.0954975
-2.31156	0.101293	0.101764
-2.11055	0.114107	0.107869
-1.90955	0.127135	0.113737
-1.70854	0.140108	0.11929
-1.50754	0.15273	0.124453
-1.30653	0.16469	0.129154
-1.10553	0.175673	0.133324
-0.904523	0.185374	0.136902
-0.703518	0.193514	0.139834
-0.502513	0.199849	0.142073
-0.301508	0.204186	0.143586
-0.100503	0.206389	0.144349
0.100503	0.206389	0.144349
0.301508	0.204186	0.143586
0.502513	0.199849	0.142073
0.703518	0.193514	0.139834
0.904523	0.185374	0.136902
1.10553	0.175673	0.133324
1.30653	0.16469	0.129154
1.50754	0.15273	0.124453
1.70854	0.140108	0.11929
1.90955	0.127135	0.113737
2.11055	0.114107	0.107869
2.31156	0.101293	0.101764
2.51256	0.0889295	0.0954975
2.71357	0.0772122	0.0891432
2.91457	0.0662934	0.0827722
3.11558	0.0562819	0.0764505
3.31658	0.0472443	0.0702386
3.51759	0.039208	0.0641906
3.71859	0.0321668	0.0583534
3.9196	0.0260861	0.0527669
4.1206	0.0209091	0.0474631
4.32161	0.0165631	0.0424668
4.52261	0.0129652	0.0377958
4.72362	0.0100276	0.0334609
4.92462	0.00766206	0.0294667
5.12563	0.00578315	0.0258122
5.32663	0.0043112	0.0224914
5.52764	0.00317383	0.0194944
5.72864	0.00230705	0.0168075
5.92965	0.00165559	0.0144143
6.13065	0.00117274	0.0122966
6.33166	0.000819839	0.0104346
6.53266	0.000565537	0.00880783
6.73367	0.000384876	0.00739537
6.93467	0.00025836	0.00617662
7.13568	0.000171039	0.00513146
7.33668	0.000111646	0.00424064
7.53769	7.18419e-05	0.00348595
7.73869	4.5563e-05	0.00285043
7.9397	2.84744e-05	0.00231846
8.1407	1.7531e-05	0.00187581
8.34171	1.0631e-05	0.00150966
8.54271	6.34829e-06	0.00120855
8.74372	3.73212e-06	0.000962398
8.94472	2.15958e-06	0.000762329
9.14573	1.22969e-06	0.000600662
9.34673	6.88865e-07	0.00047078
9.54774	3.79558e-07	0.000367033
9.74874	2.05648e-07	0.000284637
9.94975	1.0954e-07	0.000219573
10.1508	5.73481e-08	0.000168486
10.3518	2.95027e-08	0.000128603
10.5528	1.49108e-08	9.7642e-05
10.7538	7.40186e-09	7.37432e-05
10.9548	3.60813e-09	5.53997e-05
11.1558	1.72676e-09	4.13992e-05
11.3568	8.11145e-10	3.07735e-05
11.5578	3.73933e-10	2.27542e-05
11.7588	1.69134e-10	1.67358e-05
11.9598	7.50467e-11	1.22442e-05
12.1608	3.26598e-11	8.91072e-06
12.3618	1.39381e-11	6.45054e-06
12.5628	5.83215e-12	4.64493e-06
12.7638	2.39234e-12	3.32707e-06
12.9648	9.61879e-13	2.37053e-06
13.1658	3.79021e-13	1.68007e-06
13.3668	1.46351e-13	1.18443e-06
13.5678	5.53685e-14	8.30597e-07
13.7688	2.05219e-14	5.79391e-07
13.9698	7.451e-15	4.02025e-07
14.1709	2.64979e-15	2.77481e-07
14.3719	9.22935e-16	1.90509e-07
14.5729	3.14816e-16	1.30105e-07
14.7739	1.05157e-16	8.83843e-08
14.9749	3.43942e-17	5.97248e-08
15.1759	1.10147e-17	4.01452e-08
15.3769	3.45361e-18	2.68419e-08
15.5779	1.06016e-18	1.78522e-08
15.7789	3.18599e-19	1.18106e-08
15.9799	9.37296e-20	7.7723e-09
16.1809	2.69932e-20	5.08777e-09
16.3819	7.60965e-21	3.31288e-09
16.5829	2.09989e-21	2.14577e-09
16.7839	5.67207e-22	1.38248e-09
16.9849	1.49966e-22	8.86007e-10
17.1859	3.88097e-23	5.64825e-10
17.3869	9.83069e-24	3.58171e-10
17.5879	2.43735e-24	2.25926e-10
17.7889	5.91481e-25	1.41756e-10
17.9899	1.40491e-25	8.84746e-11
18.191	3.26622e-26	5.4928e-11
18.392	7.43238e-27	3.3921e-11
18.593	1.65538e-27	2.08374e-11
18.794	3.60877e-28	1.27326e-11
18.995	7.70036e-29	7.73914e-12
19.196	1.60827e-29	4.67915e-12
19.397	3.28779e-30	2.81411e-12
19.598	6.57864e-31	1.6835e-12
19.799	1.28705e-31	1.00181e-12
20	2.3853e-32	5.93007e-13
