-20	1.0184e-30	6.87123e-12
-19.799	4.39761e-30	1.1042e-11
-19.598	2.11639e-29	1.76595e-11
-19.397	1.00228e-28	2.8108e-11
-19.196	4.64613e-28	4.45247e-11
-18.995	2.10769e-27	7.01923e-11
-18.794	9.35678e-27	1.10128e-10
-18.593	4.06491e-26	1.71959e-10
-18.392	1.72814e-25	2.67222e-10
-18.191	7.18972e-25	4.13273e-10
-17.9899	2.92718e-24	6.36094e-10
-17.7889	1.16626e-23	9.74373e-10
-17.5879	4.54725e-23	1.48541e-09
-17.3869	1.73508e-22	2.25366e-09
-17.1859	6.47907e-22	3.40291e-09
-16.9849	2.36775e-21	5.11364e-09
-16.7839	8.46836e-21	7.64766e-09
-16.5829	2.96425e-20	1.13827e-08
-16.3819	1.01554e-19	1.6861e-08
-16.1809	3.40533e-19	2.48565e-08
-15.9799	1.1177e-18	3.64682e-08
-15.7789	3.59094e-18	5.32487e-08
-15.5779	1.12938e-17	7.73788e-08
-15.3769	3.47729e-17	1.11906e-07
-15.1759	1.0482e-16	1.61067e-07
-14.9749	3.09372e-16	2.30715e-07
-14.7739	8.94103e-16	3.28901e-07
-14.5729	2.53049e-15	4.66631e-07
-14.3719	7.01414e-15	6.58873e-07
-14.1709	1.90434e-14	9.25866e-07
-13.9698	5.06485e-14	1.29483e-06
-13.7688	1.31976e-13	1.80218e-06
-13.5678	3.36968e-13	2.49633e-06
-13.3668	8.43161e-13	3.44132e-06
-13.1658	2.0679e-12	4.72136e-06
-12.9648	4.97182e-12	6.44656e-06
-12.7638	1.17205e-11	8.76009e-06
-12.5628	2.70956e-11	1.1847e-05
-12.3618	6.14412e-11	1.5945e-05
-12.1608	1.36683e-10	2.13581e-05
-11.9598	2.9837e-10	2.84721e-05
-11.7588	6.39258e-10	3.77741e-05
-11.5578	1.34454e-09	4.98757e-05
-11.3568	2.77683e-09	6.55394e-05
-11.1558	5.63255e-09	8.57107e-05
-10.9548	1.12239e-08	0.000111554
-10.7538	2.19775e-08	0.000144497
-10.5528	4.2297e-08	0.000186272
-10.3518	8.00295e-08	0.000238977
-10.1508	1.48905e-07	0.000305129
-9.94975	2.72518e-07	0.000387731
-9.74874	4.90704e-07	0.000490339
-9.54774	8.69543e-07	0.000617137
-9.34673	1.51676e-06	0.000773011
-9.14573	2.605e-06	0.000963627
-8.94472	4.40621e-06	0.0011955
-8.74372	7.3417e-06	0.00147609
-8.54271	1.20532e-05	0.00181381
-8.34171	1.95024e-05	0.00221816
-8.1407	3.1106e-05	0.00269967
-7.9397	4.89184e-05	0.00327001
-7.73869	7.58689e-05	0.00394189
-7.53769	0.000116067	0.00472912
-7.33668	0.000175185	0.00564645
-7.13568	0.000260925	0.00670949
-6.93467	0.000383567	0.00793455
-6.73367	0.00055662	0.00933843
-6.53266	0.00079752	0.0109382
-6.33166	0.00112841	0.0127507
-6.13065	0.0015769	0.0147926
-5.92965	0.00217683	0.0170794
-5.72864	0.00296886	0.0196254
-5.52764	0.00400097	0.0224432
-5.32663	0.00532856	0.025543
-5.12563	0.00701432	0.0289318
-4.92462	0.00912722	0.0326136
-4.72362	0.0117418	0.0365882
-4.52261	0.014935	0.040851
-4.32161	0.0187854	0.0453925
-4.1206	0.0233669	0.0501977
-3.9196	0.0287482	0.0552462
-3.71859	0.0349844	0.0605118
-3.51759	0.0421154	0.0659625
-3.31658	0.0501578	0.0715604
-3.11558	0.0591022	0.0772623
-2.91457	0.0689076	0.0830199
-2.71357	0.0794982	0.08878
-2.51256	0.090762	0.094486
-2.31156	0.102548	0.100078
-2.11055	0.114671	0.105494
-1.90955	0.126912	0.110672
-1.70854	0.139026	0.115549
-1.50754	0.150745	0.120064
-1.30653	0.161797	0.12416
-1.10553	0.171901	0.127781
-0.904523	0.180796	0.130879
-0.703518	0.188236	0.133412
-0.502513	0.194015	0.135344
-0.301508	0.197963	0.136647
-0.100503	0.199967	0.137303
0.100503	0.199968	0.137303
0.301508	0.197962	0.136647
0.502513	0.194016	0.135344
0.703518	0.188235	0.133412
0.904523	0.180797	0.130879
1.10553	0.171901	0.127781
1.30653	0.161797	0.12416
1.50754	0.150745	0.120064
1.70854	0.139026	0.115549
1.90955	0.126912	0.110672
2.11055	0.114671	0.105494
2.31156	0.102548	0.100078
2.51256	0.0907619	0.094486
2.71357	0.0794981	0.08878
2.91457	0.0689077	0.0830199
3.11558	0.0591021	0.0772623
3.31658	0.0501579	0.0715604
3.51759	0.0421153	0.0659625
3.71859	0.0349846	0.0605118
3.9196	0.0287481	0.0552462
4.1206	0.0233671	0.0501977
4.32161	0.0187852	0.0453925
4.52261	0.0149351	0.040851
4.72362	0.0117417	0.0365882
4.92462	0.00912729	0.0326136
5.12563	0.00701427	0.0289318
5.32663	0.00532859	0.025543
5.52764	0.00400096	0.0224432
5.72864	0.00296887	0.0196254
5.92965	0.00217682	0.0170794
6.13065	0.0015769	0.0147926
6.33166	0.00112841	0.0127507
6.53266	0.000797521	0.0109382
6.73367	0.00055662	0.00933843
6.93467	0.000383567	0.00793455
7.13568	0.000260925	0.00670949
7.33668	0.000175185	0.00564645
7.53769	0.000116067	0.00472912
7.73869	7.58689e-05	0.00394189
7.9397	4.89184e-05	0.00327001
8.1407	3.1106e-05	0.00269967
8.34171	1.95024e-05	0.00221816
8.54271	1.20532e-05	0.00181381
8.74372	7.3417e-06	0.00147609
8.94472	4.40621e-06	0.0011955
9.14573	2.605e-06	0.000963627
9.34673	1.51676e-06	0.000773011
9.54774	8.69543e-07	0.000617137
9.74874	4.90704e-07	0.000490339
9.94975	2.72518e-07	0.000387731
10.1508	1.48905e-07	0.000305129
10.3518	8.00295e-08	0.000238977
10.5528	4.2297e-08	0.000186272
10.7538	2.19775e-08	0.000144497
10.9548	1.12239e-08	0.000111554
11.1558	5.63255e-09	8.57107e-05
11.3568	2.77683e-09	6.55394e-05
11.5578	1.34454e-09	4.98757e-05
11.7588	6.39258e-10	3.77741e-05
11.9598	2.9837e-10	2.84721e-05
12.1608	1.36683e-10	2.13581e-05
12.3618	6.14412e-11	1.5945e-05
12.5628	2.70956e-11	1.1847e-05
12.7638	1.17205e-11	8.76009e-06
12.9648	4.97182e-12	6.44656e-06
13.1658	2.0679e-12	4.72136e-06
13.3668	8.43161e-13	3.44132e-06
13.5678	3.36968e-13	2.49633e-06
13.7688	1.31976e-13	1.80218e-06
13.9698	5.06485e-14	1.29483e-06
14.1709	1.90434e-14	9.25866e-07
14.3719	7.01414e-15	6.58873e-07
14.5729	2.53049e-15	4.66631e-07
14.7739	8.94103e-16	3.28901e-07
14.9749	3.09372e-16	2.30715e-07
15.1759	1.0482e-16	1.61067e-07
15.3769	3.47729e-17	1.11906e-07
15.5779	1.12938e-17	7.73788e-08
15.7789	3.59094e-18	5.32487e-08
15.9799	1.1177e-18	3.64682e-08
16.1809	3.40533e-19	2.48565e-08
16.3819	1.01554e-19	1.6861e-08
16.5829	2.96425e-20	1.13827e-08
16.7839	8.46836e-21	7.64766e-09
16.9849	2.36775e-21	5.11364e-09
17.1859	6.47907e-22	3.40291e-09
17.3869	1.73508e-22	2.25366e-09
17.5879	4.54725e-23	1.48541e-09
17.7889	1.16626e-23	9.74373e-10
17.9899	2.92718e-24	6.36094e-10
18.191	7.18972e-25	4.13273e-10
18.392	1.72814e-25	2.67222e-10
18.593	4.06491e-26	1.71959e-10
18.794	9.35678e-27	1.10128e-10
18.995	2.10769e-27	7.01923e-11
19.196	4.64613e-28	4.45247e-11
19.397	1.00227e-28	2.8108e-11
19.598	2.11577e-29	1.76595e-11
19.799	4.36493e-30	1.1042e-11
20	8.49947e-31	6.87123e-12
