-20	3.20552e-29	5.17563e-11
-19.799	1.30642e-28	7.98073e-11
-19.598	5.94967e-28	1.22524e-10
-19.397	2.66789e-27	1.87284e-10
-19.196	1.17081e-26	2.85024e-10
-18.995	5.02723e-26	4.31879e-10
-18.794	2.11198e-25	6.51542e-10
-18.593	8.68104e-25	9.78639e-10
-18.392	3.49121e-24	1.46354e-09
-18.191	1.37374e-23	2.17914e-09
-17.9899	5.28888e-23	3.23047e-09
-17.7889	1.99233e-22	4.76812e-09
-17.5879	7.34349e-22	7.00694e-09
-17.3869	2.64851e-21	1.0252e-08
-17.1859	9.34691e-21	1.49345e-08
-16.9849	3.2279e-20	2.16608e-08
-16.7839	1.09087e-19	3.12793e-08
-16.5829	3.60784e-19	4.49717e-08
-16.3819	1.1678e-18	6.43757e-08
-16.1809	3.69962e-18	9.17498e-08
-15.9799	1.14723e-17	1.30193e-07
-15.7789	3.48236e-17	1.83938e-07
-15.5779	1.03483e-16	2.58735e-07
-15.3769	3.01072e-16	3.62359e-07
-15.1759	8.57686e-16	5.0527e-07
-14.9749	2.3927e-15	7.01468e-07
-14.7739	6.53737e-15	9.69599e-07
-14.5729	1.74956e-14	1.33437e-06
-14.3719	4.58699e-14	1.82836e-06
-14.1709	1.17832e-13	2.49429e-06
-13.9698	2.96627e-13	3.38791e-06
-13.7688	7.31878e-13	4.58161e-06
-13.5678	1.77023e-12	6.16884e-06
-13.3668	4.19825e-12	8.2697e-06
-13.1658	9.76428e-12	1.10376e-05
-12.9648	2.22761e-11	1.46677e-05
-12.7638	4.98607e-11	1.94066e-05
-12.5628	1.09522e-10	2.55644e-05
-12.3618	2.36138e-10	3.35292e-05
-12.1608	4.99877e-10	4.37834e-05
-11.9598	1.0392e-09	5.69242e-05
-11.7588	2.12218e-09	7.3686e-05
-11.5578	4.25824e-09	9.4967e-05
-11.3568	8.39756e-09	0.00012186
-11.1558	1.62805e-08	0.000155686
-10.9548	3.10377e-08	0.000198033
-10.7538	5.82017e-08	0.000250799
-10.5528	1.07379e-07	0.000316239
-10.3518	1.94966e-07	0.000397012
-10.1508	3.48472e-07	0.000496242
-9.94975	6.1328e-07	0.000617565
-9.74874	1.06303e-06	0.000765196
-9.54774	1.81524e-06	0.00094398
-9.34673	3.05446e-06	0.00115945
-9.14573	5.06588e-06	0.00141789
-8.94472	8.28315e-06	0.00172637
-8.74372	1.33555e-05	0.00209278
-8.54271	2.12395e-05	0.0025259
-8.34171	3.33231e-05	0.00303534
-8.1407	5.15886e-05	0.0036316
-7.9397	7.88254e-05	0.00432603
-7.73869	0.000118893	0.00513076
-7.53769	0.000177064	0.00605862
-7.33668	0.000260398	0.00712305
-7.13568	0.000378266	0.00833793
-6.93467	0.000542796	0.00971742
-6.73367	0.000769628	0.0112757
-6.53266	0.00107832	0.0130268
-6.33166	0.00149332	0.0149841
-6.13065	0.00204416	0.0171603
-5.92965	0.00276655	0.0195667
-5.72864	0.003702	0.0222132
-5.52764	0.00489927	0.0251076
-5.32663	0.00641162	0.0282553
-5.12563	0.00830178	0.0316588
-4.92462	0.0106301	0.0353174
-4.72362	0.0134724	0.0392269
-4.52261	0.0168868	0.043379
-4.32161	0.0209557	0.0477611
-4.1206	0.0257243	0.0523565
-3.9196	0.0312661	0.0571434
-3.71859	0.0376036	0.0620958
-3.51759	0.044778	0.0671829
-3.31658	0.0527799	0.0723694
-3.11558	0.0615945	0.077616
-2.91457	0.0711711	0.0828797
-2.71357	0.0814203	0.0881141
-2.51256	0.0922465	0.0932702
-2.31156	0.103474	0.098297
-2.11055	0.114971	0.103143
-1.90955	0.126477	0.107755
-1.70854	0.13784	0.112081
-1.50754	0.148734	0.116073
-1.30653	0.159012	0.119683
-1.10553	0.168324	0.122865
-0.904523	0.176544	0.125582
-0.703518	0.183359	0.127799
-0.502513	0.188672	0.129487
-0.301508	0.192285	0.130625
-0.100503	0.194108	0.131198
0.100503	0.194133	0.131198
0.301508	0.192262	0.130625
0.502513	0.188693	0.129487
0.703518	0.183343	0.127799
0.904523	0.176555	0.125582
1.10553	0.168317	0.122865
1.30653	0.159015	0.119683
1.50754	0.148735	0.116073
1.70854	0.137837	0.112081
1.90955	0.12648	0.107755
2.11055	0.114968	0.103143
2.31156	0.103476	0.098297
2.51256	0.0922459	0.0932702
2.71357	0.0814197	0.0881141
2.91457	0.0711726	0.0828797
3.11558	0.0615925	0.077616
3.31658	0.0527823	0.0723694
3.51759	0.0447752	0.0671829
3.71859	0.0376066	0.0620958
3.9196	0.0312627	0.0571434
4.1206	0.0257278	0.0523565
4.32161	0.0209522	0.0477611
4.52261	0.0168899	0.043379
4.72362	0.0134698	0.0392269
4.92462	0.0106321	0.0353174
5.12563	0.00830045	0.0316588
5.32663	0.00641245	0.0282553
5.52764	0.0048988	0.0251076
5.72864	0.00370225	0.0222132
5.92965	0.00276642	0.0195667
6.13065	0.00204422	0.0171603
6.33166	0.00149329	0.0149841
6.53266	0.00107833	0.0130268
6.73367	0.000769623	0.0112757
6.93467	0.000542797	0.00971742
7.13568	0.000378265	0.00833793
7.33668	0.000260398	0.00712305
7.53769	0.000177064	0.00605862
7.73869	0.000118893	0.00513076
7.9397	7.88255e-05	0.00432603
8.1407	5.15885e-05	0.0036316
8.34171	3.33231e-05	0.00303534
8.54271	2.12394e-05	0.0025259
8.74372	1.33555e-05	0.00209278
8.94472	8.28314e-06	0.00172637
9.14573	5.06588e-06	0.00141789
9.34673	3.05446e-06	0.00115945
9.54774	1.81524e-06	0.00094398
9.74874	1.06303e-06	0.000765196
9.94975	6.1328e-07	0.000617565
10.1508	3.48472e-07	0.000496242
10.3518	1.94966e-07	0.000397012
10.5528	1.07379e-07	0.000316239
10.7538	5.82016e-08	0.000250799
10.9548	3.10377e-08	0.000198033
11.1558	1.62805e-08	0.000155686
11.3568	8.39756e-09	0.00012186
11.5578	4.25824e-09	9.4967e-05
11.7588	2.12218e-09	7.3686e-05
11.9598	1.0392e-09	5.69242e-05
12.1608	4.99877e-10	4.37834e-05
12.3618	2.36138e-10	3.35292e-05
12.5628	1.09522e-10	2.55644e-05
12.7638	4.98607e-11	1.94066e-05
12.9648	2.22761e-11	1.46677e-05
13.1658	9.76428e-12	1.10376e-05
13.3668	4.19825e-12	8.2697e-06
13.5678	1.77023e-12	6.16884e-06
13.7688	7.31878e-13	4.58161e-06
13.9698	2.96627e-13	3.38791e-06
14.1709	1.17832e-13	2.49429e-06
14.3719	4.58699e-14	1.82836e-06
14.5729	1.74956e-14	1.33437e-06
14.7739	6.53737e-15	9.69599e-07
14.9749	2.3927e-15	7.01468e-07
15.1759	8.57687e-16	5.0527e-07
15.3769	3.01072e-16	3.62359e-07
15.5779	1.03483e-16	2.58735e-07
15.7789	3.48236e-17	1.83938e-07
15.9799	1.14723e-17	1.30193e-07
16.1809	3.69962e-18	9.17498e-08
16.3819	1.1678e-18	6.43757e-08
16.5829	3.60784e-19	4.49717e-08
16.7839	1.09087e-19	3.12793e-08
16.9849	3.2279e-20	2.16608e-08
17.1859	9.34691e-21	1.49345e-08
17.3869	2.64851e-21	1.0252e-08
17.5879	7.34349e-22	7.00694e-09
17.7889	1.99233e-22	4.76812e-09
17.9899	5.28888e-23	3.23047e-09
18.191	1.37374e-23	2.17914e-09
18.392	3.49121e-24	1.46354e-09
18.593	8.68104e-25	9.78639e-10
18.794	2.11198e-25	6.51542e-10
18.995	5.02723e-26	4.31879e-10
19.196	1.17081e-26	2.85024e-10
19.397	2.66785e-27	1.87284e-10
19.598	5.9474e-28	1.22524e-10
19.799	1.29506e-28	7.98073e-11
20	2.65091e-29	5.17563e-11
